%Параметры модели
A1=-10
A2=-0.02
V1=10
V2=20
B=1
C=5
yref=50
%Коэффициенты ПИД для А1
kP1=4.6957
kI1=23.4784
kD1=0
%Коэффициенты ПИД для А2
kP2=7.0492
kI2=28.158
kD2=0.30826

kP=kP1
kI=kI1
kD=kD1